5 14 18 2 7 2 5 4 5 2 1 6



28 24 32 8 4 4 4 3 5




10 24 32 8 4 4 4 3 5


4 6 8 1 5 6 3 5 1 1


51 46 50 40 5 3 1 2 4 4
4 7 5 6 8 5 1 1 3 5 2 6 8
28 24 32 8 4 4 4 3 5
31 22 32 8 7 4 4 3 5 5 5 6
41 20 27 16 7 3 5 4 6 5 1 4
51 46 50 40 5 3 1 2 4 4
36 27 49 22 7 2 2 6 6 5 3 6
47 41 38 45 9 4 2 5 3 1 6 4 3 1
38 26 30 19 6 6 4 6 1 2 3 
29 14 18 2 7 2 5 4 5 2 1 6 
10 17 20 9 12 4 5 3 1 6 2 3 3 5 4 1 6 

40
19
25
34
49
42
GAME OVER
42
15
48




10 17 20 9 12 4 5 3 1 6 2 3 3 5 4 1 6




4 6 8 1 5 6 3 5 1 1
10 24 32 8 4 4 4 3 5
10 22 32 8 7 4 4 3 5 5 5 6
17 20 27 16 7 3 5 4 6 5 1 4
43 46 50 40 5 3 1 2 4 4
25 27 49 22 7 2 2 6 6 5 3 6
50 41 38 45 9 4 2 5 3 1 6 4 3 1
21 26 30 19 6 6 4 6 1 2 3 
5 14 18 2 7 2 5 4 5 2 1 6 
10 17 20 9 12 4 5 3 1 6 2 3 3 5 4 1 6 



1. 17
2. 23
3. 33
4. 34
5. GAME OVER
1. 42
2. GAME OVER
3. 27
4. 15
5. 48