124987 2 3
540670 3 9
7145042 2 8
124987 2 523
4386709 1 2

SAMPLE OUTPUT:
1. 124950
2. 540300
3. 7145020
4. 124950
5. 4386707


431823425567762 4 3
724123124431685 1 7
123453423426789 7 8
9876543176867987689768761111210 10 25
415926535847547 3 428

431823425564000
724123124431682
123453421000000
9876543176867987689761000000000
415926535847400




431823425567762 4 3
724123124431685 1 7
123453423426789 7 8
9876543176867987689768761111210 10 25
415926535847547 3 428

431823425564000
724123124431682
123453421000000
9876543176867987689761000000000
415926535847400



124987 2 3
540670 3 9
7145042 2 8
124987 2 523
4386709 1 2

1. 124950
2. 540300
3. 7145020
4. 124950
5. 4386707





